3 4 25
5 12 169
3 4 25
6 8 100
5 12 169
6 8 100
5 12 169
7 24 625
6 8 100
5 12 169
8 15 289
7 24 625
6 8 100
9 12 225
8 15 289
7 24 625
9 40 1681
9 12 225
8 15 289
10 24 676
7 24 625
9 40 1681
9 12 225
8 15 289
10 24 676
9 40 1681
11 60 3721
9 12 225
12 16 400
10 24 676
12 35 1369
9 40 1681
11 60 3721
12 16 400
10 24 676
12 35 1369
11 60 3721
13 84 7225
12 16 400
12 35 1369
14 48 2500
11 60 3721
13 84 7225
12 16 400
15 20 625
15 36 1521
12 35 1369
14 48 2500
13 84 7225
15 112 12769
15 20 625
16 30 1156
15 36 1521
14 48 2500
16 63 4225
13 84 7225
15 112 12769
15 20 625
16 30 1156
15 36 1521
14 48 2500
16 63 4225
15 112 12769
17 144 21025
15 20 625
18 24 900
16 30 1156
15 36 1521
16 63 4225
18 80 6724
15 112 12769
17 144 21025
18 24 900
16 30 1156
16 63 4225
18 80 6724
17 144 21025
19 180 32761
20 21 841
18 24 900
20 48 2704
18 80 6724
20 99 10201
17 144 21025
19 180 32761
20 21 841
18 24 900
21 28 1225
20 48 2704
21 72 5625
18 80 6724
20 99 10201
19 180 32761
21 220 48841
20 21 841
21 28 1225
20 48 2704
21 72 5625
20 99 10201
22 120 14884
19 180 32761
21 220 48841
20 21 841
21 28 1225
20 48 2704
21 72 5625
20 99 10201
22 120 14884
21 220 48841
23 264 70225
21 28 1225
24 32 1600
24 45 2601
24 70 5476
21 72 5625
22 120 14884
24 143 21025
21 220 48841
23 264 70225
24 32 1600
24 45 2601
25 60 4225
24 70 5476
22 120 14884
24 143 21025
23 264 70225
25 312 97969
24 32 1600
24 45 2601
25 60 4225
24 70 5476
24 143 21025
26 168 28900
23 264 70225
25 312 97969
24 32 1600
27 36 2025
24 45 2601
25 60 4225
24 70 5476
27 120 15129
24 143 21025
26 168 28900
25 312 97969
27 364 133225
27 36 2025
28 45 2809
25 60 4225
28 96 10000
27 120 15129
26 168 28900
28 195 38809
25 312 97969
27 364 133225
27 36 2025
28 45 2809
28 96 10000
27 120 15129
26 168 28900
28 195 38809
27 364 133225
29 420 177241
27 36 2025
30 40 2500
28 45 2809
30 72 6084
28 96 10000
27 120 15129
28 195 38809
30 224 51076
27 364 133225
29 420 177241
30 40 2500
28 45 2809
30 72 6084
28 96 10000
28 195 38809
30 224 51076
29 420 177241
31 480 231361
30 40 2500
32 60 4624
30 72 6084
32 126 16900
30 224 51076
32 255 66049
29 420 177241
31 480 231361
30 40 2500
33 44 3025
33 56 4225
32 60 4624
30 72 6084
32 126 16900
33 180 33489
30 224 51076
32 255 66049
31 480 231361
33 544 297025
33 44 3025
33 56 4225
32 60 4624
32 126 16900
33 180 33489
32 255 66049
34 288 84100
31 480 231361
33 544 297025
33 44 3025
33 56 4225
32 60 4624
35 84 8281
35 120 15625
32 126 16900
33 180 33489
32 255 66049
34 288 84100
33 544 297025
35 612 375769
33 44 3025
36 48 3600
33 56 4225
36 77 7225
35 84 8281
36 105 12321
35 120 15625
36 160 26896
33 180 33489
34 288 84100
36 323 105625
33 544 297025
35 612 375769
36 48 3600
36 77 7225
35 84 8281
36 105 12321
35 120 15625
36 160 26896
34 288 84100
36 323 105625
35 612 375769
37 684 469225
36 48 3600
36 77 7225
35 84 8281
36 105 12321
35 120 15625
36 160 26896
36 323 105625
38 360 131044
35 612 375769
37 684 469225
36 48 3600
39 52 4225
36 77 7225
39 80 7921
36 105 12321
36 160 26896
39 252 65025
36 323 105625
38 360 131044
37 684 469225
39 760 579121
40 42 3364
39 52 4225
40 75 7225
39 80 7921
40 96 10816
40 198 40804
39 252 65025
38 360 131044
40 399 160801
37 684 469225
39 760 579121
40 42 3364
39 52 4225
40 75 7225
39 80 7921
40 96 10816
40 198 40804
39 252 65025
38 360 131044
40 399 160801
39 760 579121
41 840 707281
40 42 3364
39 52 4225
42 56 4900
40 75 7225
39 80 7921
40 96 10816
42 144 22500
40 198 40804
39 252 65025
40 399 160801
42 440 195364
39 760 579121
41 840 707281
40 42 3364
42 56 4900
40 75 7225
40 96 10816
42 144 22500
40 198 40804
40 399 160801
42 440 195364
41 840 707281
43 924 855625
42 56 4900
44 117 15625
42 144 22500
44 240 59536
42 440 195364
44 483 235225
41 840 707281
43 924 855625
42 56 4900
45 60 5625
45 108 13689
44 117 15625
42 144 22500
45 200 42025
44 240 59536
45 336 114921
42 440 195364
44 483 235225
43 924 855625
45 60 5625
45 108 13689
44 117 15625
45 200 42025
44 240 59536
45 336 114921
44 483 235225
46 528 280900
43 924 855625
45 60 5625
45 108 13689
44 117 15625
45 200 42025
44 240 59536
45 336 114921
44 483 235225
46 528 280900
48 55 5329
45 60 5625
48 64 6400
48 90 10404
45 108 13689
48 140 21904
48 189 38025
45 200 42025
48 286 84100
45 336 114921
46 528 280900
48 575 332929
48 55 5329
48 64 6400
48 90 10404
48 140 21904
49 168 30625
48 189 38025
48 286 84100
46 528 280900
48 575 332929
48 55 5329
48 64 6400
48 90 10404
50 120 16900
48 140 21904
49 168 30625
48 189 38025
48 286 84100
48 575 332929
50 624 391876
48 55 5329
48 64 6400
51 68 7225
48 90 10404
50 120 16900
51 140 22201
48 140 21904
49 168 30625
48 189 38025
48 286 84100
51 432 189225
48 575 332929
50 624 391876
51 68 7225
50 120 16900
51 140 22201
52 165 29929
49 168 30625
52 336 115600
51 432 189225
50 624 391876
52 675 458329
51 68 7225
50 120 16900
51 140 22201
52 165 29929
52 336 115600
51 432 189225
50 624 391876
52 675 458329
51 68 7225
54 72 8100
51 140 22201
52 165 29929
54 240 60516
52 336 115600
51 432 189225
52 675 458329
54 728 532900
54 72 8100
55 132 20449
52 165 29929
54 240 60516
55 300 93025
52 336 115600
52 675 458329
54 728 532900
54 72 8100
56 90 11236
56 105 14161
55 132 20449
56 192 40000
54 240 60516
55 300 93025
56 390 155236
54 728 532900
56 783 616225
54 72 8100
57 76 9025
56 90 11236
56 105 14161
55 132 20449
57 176 34225
56 192 40000
54 240 60516
55 300 93025
56 390 155236
57 540 294849
54 728 532900
56 783 616225
57 76 9025
56 90 11236
56 105 14161
55 132 20449
57 176 34225
56 192 40000
55 300 93025
56 390 155236
57 540 294849
56 783 616225
58 840 708964
57 76 9025
56 90 11236
56 105 14161
57 176 34225
56 192 40000
56 390 155236
57 540 294849
56 783 616225
58 840 708964
60 63 7569
57 76 9025
60 80 10000
60 91 11881
60 144 24336
60 175 34225
57 176 34225
60 221 52441
60 297 91809
60 448 204304
57 540 294849
58 840 708964
60 899 811801
60 63 7569
60 80 10000
60 91 11881
60 144 24336
60 175 34225
60 221 52441
60 297 91809
60 448 204304
58 840 708964
60 899 811801
60 63 7569
60 80 10000
60 91 11881
60 144 24336
60 175 34225
60 221 52441
60 297 91809
60 448 204304
60 899 811801
62 960 925444
60 63 7569
60 80 10000
63 84 11025
60 91 11881
60 144 24336
60 175 34225
63 216 50625
60 221 52441
63 280 82369
60 297 91809
60 448 204304
63 660 439569
60 899 811801
62 960 925444
63 84 11025
64 120 18496
63 216 50625
64 252 67600
63 280 82369
64 510 264196
63 660 439569
62 960 925444
65 72 9409
63 84 11025
64 120 18496
65 156 28561
63 216 50625
64 252 67600
63 280 82369
65 420 180625
64 510 264196
63 660 439569
62 960 925444
65 72 9409
63 84 11025
66 88 12100
66 112 16900
64 120 18496
65 156 28561
63 216 50625
64 252 67600
63 280 82369
66 360 133956
65 420 180625
64 510 264196
63 660 439569
65 72 9409
66 88 12100
66 112 16900
64 120 18496
65 156 28561
64 252 67600
66 360 133956
65 420 180625
64 510 264196
65 72 9409
66 88 12100
66 112 16900
65 156 28561
68 285 85849
66 360 133956
65 420 180625
68 576 336400
66 88 12100
69 92 13225
66 112 16900
69 260 72361
68 285 85849
66 360 133956
68 576 336400
69 792 632025
69 92 13225
70 168 33124
70 240 62500
69 260 72361
68 285 85849
68 576 336400
69 792 632025
69 92 13225
70 168 33124
70 240 62500
69 260 72361
68 285 85849
68 576 336400
69 792 632025
69 92 13225
72 96 14400
72 135 23409
72 154 28900
70 168 33124
72 210 49284
70 240 62500
69 260 72361
72 320 107584
72 429 189225
72 646 422500
69 792 632025
72 96 14400
72 135 23409
72 154 28900
70 168 33124
72 210 49284
70 240 62500
72 320 107584
72 429 189225
72 646 422500
72 96 14400
72 135 23409
72 154 28900
72 210 49284
72 320 107584
72 429 189225
72 646 422500
72 96 14400
75 100 15625
72 135 23409
72 154 28900
75 180 38025
72 210 49284
75 308 100489
72 320 107584
72 429 189225
75 560 319225
72 646 422500
75 936 881721
75 100 15625
75 180 38025
75 308 100489
76 357 133225
75 560 319225
76 720 524176
75 936 881721
75 100 15625
75 180 38025
77 264 75625
75 308 100489
76 357 133225
77 420 182329
75 560 319225
76 720 524176
75 936 881721
75 100 15625
78 104 16900
78 160 31684
75 180 38025
77 264 75625
75 308 100489
76 357 133225
77 420 182329
78 504 260100
75 560 319225
76 720 524176
75 936 881721
78 104 16900
78 160 31684
77 264 75625
76 357 133225
77 420 182329
78 504 260100
76 720 524176
80 84 13456
78 104 16900
80 150 28900
78 160 31684
80 192 43264
77 264 75625
80 315 105625
80 396 163216
77 420 182329
78 504 260100
80 798 643204
80 84 13456
78 104 16900
81 108 18225
80 150 28900
78 160 31684
80 192 43264
80 315 105625
81 360 136161
80 396 163216
78 504 260100
80 798 643204
80 84 13456
81 108 18225
80 150 28900
80 192 43264
80 315 105625
81 360 136161
80 396 163216
80 798 643204
80 84 13456
81 108 18225
80 150 28900
80 192 43264
80 315 105625
81 360 136161
80 396 163216
80 798 643204
81 108 18225
84 112 19600
84 135 25281
84 187 42025
84 245 67081
84 288 90000
81 360 136161
84 437 198025
84 585 349281
84 880 781456
84 112 19600
85 132 24649
84 135 25281
84 187 42025
85 204 48841
84 245 67081
84 288 90000
84 437 198025
84 585 349281
85 720 525625
84 880 781456
84 112 19600
85 132 24649
84 135 25281
84 187 42025
85 204 48841
84 245 67081
84 288 90000
84 437 198025
84 585 349281
85 720 525625
84 880 781456
84 112 19600
87 116 21025
85 132 24649
84 135 25281
84 187 42025
85 204 48841
84 245 67081
84 288 90000
87 416 180625
84 437 198025
84 585 349281
85 720 525625
84 880 781456
88 105 18769
87 116 21025
85 132 24649
88 165 34969
85 204 48841
88 234 62500
87 416 180625
88 480 238144
85 720 525625
88 966 940900
88 105 18769
87 116 21025
88 165 34969
88 234 62500
87 416 180625
88 480 238144
88 966 940900
88 105 18769
87 116 21025
90 120 22500
88 165 34969
90 216 54756
88 234 62500
90 400 168100
87 416 180625
88 480 238144
90 672 459684
88 966 940900
88 105 18769
90 120 22500
88 165 34969
90 216 54756
88 234 62500
91 312 105625
90 400 168100
88 480 238144
91 588 354025
90 672 459684
88 966 940900
90 120 22500
90 216 54756
91 312 105625
90 400 168100
92 525 284089
91 588 354025
90 672 459684
90 120 22500
93 124 24025
90 216 54756
91 312 105625
90 400 168100
93 476 235225
92 525 284089
91 588 354025
90 672 459684
93 124 24025
91 312 105625
93 476 235225
92 525 284089
91 588 354025
93 124 24025
95 168 37249
95 228 61009
93 476 235225
92 525 284089
95 900 819025
96 110 21316
93 124 24025
96 128 25600
95 168 37249
96 180 41616
95 228 61009
96 247 70225
96 280 87616
96 378 152100
93 476 235225
96 572 336400
96 765 594441
95 900 819025
96 110 21316
96 128 25600
95 168 37249
96 180 41616
95 228 61009
96 247 70225
96 280 87616
96 378 152100
96 572 336400
96 765 594441
95 900 819025
96 110 21316
96 128 25600
95 168 37249
96 180 41616
95 228 61009
96 247 70225
96 280 87616
98 336 122500
96 378 152100
96 572 336400
96 765 594441
95 900 819025
96 110 21316
96 128 25600
99 132 27225
99 168 38025
96 180 41616
96 247 70225
96 280 87616
98 336 122500
96 378 152100
99 440 203401
99 540 301401
96 572 336400
96 765 594441
100 105 21025
99 132 27225
99 168 38025
100 240 67600
98 336 122500
99 440 203401
100 495 255025
99 540 301401
100 621 395641
100 105 21025
99 132 27225
99 168 38025
100 240 67600
98 336 122500
99 440 203401
100 495 255025
99 540 301401
100 621 395641
100 105 21025
99 132 27225
102 136 28900
99 168 38025
100 240 67600
102 280 88804
99 440 203401
100 495 255025
99 540 301401
100 621 395641
102 864 756900
100 105 21025
102 136 28900
100 240 67600
102 280 88804
100 495 255025
100 621 395641
102 864 756900
102 136 28900
104 153 34225
104 195 48841
102 280 88804
104 330 119716
104 672 462400
102 864 756900
102 136 28900
105 140 30625
104 153 34225
104 195 48841
105 208 54289
105 252 74529
102 280 88804
104 330 119716
105 360 140625
105 608 380689
104 672 462400
105 784 625681
102 864 756900
105 140 30625
104 153 34225
104 195 48841
105 208 54289
105 252 74529
104 330 119716
105 360 140625
105 608 380689
104 672 462400
105 784 625681
105 140 30625
104 153 34225
104 195 48841
105 208 54289
105 252 74529
104 330 119716
105 360 140625
105 608 380689
104 672 462400
105 784 625681
105 140 30625
108 144 32400
105 208 54289
108 231 65025
105 252 74529
108 315 110889
105 360 140625
108 480 242064
105 608 380689
108 725 537289
105 784 625681
108 969 950625
108 144 32400
108 231 65025
108 315 110889
108 480 242064
108 725 537289
108 969 950625
108 144 32400
108 231 65025
110 264 81796
108 315 110889
108 480 242064
110 600 372100
108 725 537289
108 969 950625
108 144 32400
111 148 34225
108 231 65025
110 264 81796
108 315 110889
108 480 242064
110 600 372100
111 680 474721
108 725 537289
108 969 950625
111 148 34225
112 180 44944
112 210 56644
110 264 81796
112 384 160000
112 441 207025
110 600 372100
111 680 474721
112 780 620944
111 148 34225
112 180 44944
112 210 56644
110 264 81796
112 384 160000
112 441 207025
110 600 372100
111 680 474721
112 780 620944
111 148 34225
114 152 36100
112 180 44944
112 210 56644
114 352 136900
112 384 160000
112 441 207025
111 680 474721
112 780 620944
114 152 36100
112 180 44944
112 210 56644
115 252 76729
115 276 89401
114 352 136900
112 384 160000
112 441 207025
112 780 620944
114 152 36100
115 252 76729
115 276 89401
114 352 136900
116 837 714025
114 152 36100
117 156 38025
117 240 71289
115 252 76729
115 276 89401
114 352 136900
117 520 284089
117 756 585225
116 837 714025
117 156 38025
117 240 71289
115 252 76729
115 276 89401
117 520 284089
117 756 585225
116 837 714025
119 120 28561
117 156 38025
117 240 71289
119 408 180625
117 520 284089
117 756 585225
116 837 714025
119 120 28561
120 126 30276
117 156 38025
120 160 40000
120 182 47524
120 209 58081
120 225 65025
117 240 71289
120 288 97344
120 350 136900
120 391 167281
119 408 180625
120 442 209764
117 520 284089
120 594 367236
120 715 525625
117 756 585225
120 896 817216
119 120 28561
120 126 30276
120 160 40000
120 182 47524
120 209 58081
120 225 65025
120 288 97344
120 350 136900
120 391 167281
119 408 180625
120 442 209764
120 594 367236
121 660 450241
120 715 525625
120 896 817216
119 120 28561
120 126 30276
120 160 40000
120 182 47524
120 209 58081
120 225 65025
120 288 97344
120 350 136900
120 391 167281
119 408 180625
120 442 209764
120 594 367236
121 660 450241
120 715 525625
120 896 817216
120 126 30276
120 160 40000
123 164 42025
120 182 47524
120 209 58081
120 225 65025
120 288 97344
120 350 136900
120 391 167281
120 442 209764
120 594 367236
121 660 450241
120 715 525625
123 836 714025
120 896 817216
123 164 42025
121 660 450241
123 836 714025
124 957 931225
123 164 42025
125 300 105625
123 836 714025
124 957 931225
123 164 42025
126 168 44100
125 300 105625
126 432 202500
126 560 329476
123 836 714025
124 957 931225
126 168 44100
125 300 105625
126 432 202500
126 560 329476
124 957 931225
126 168 44100
128 240 73984
125 300 105625
126 432 202500
128 504 270400
126 560 329476
126 168 44100
129 172 46225
128 240 73984
126 432 202500
128 504 270400
126 560 329476
129 920 863041
130 144 37636
129 172 46225
128 240 73984
130 312 114244
128 504 270400
130 840 722500
129 920 863041
130 144 37636
129 172 46225
128 240 73984
130 312 114244
128 504 270400
130 840 722500
129 920 863041
130 144 37636
129 172 46225
132 176 48400
132 224 67600
130 312 114244
132 351 140625
132 385 165649
132 475 243049
132 720 535824
130 840 722500
129 920 863041
130 144 37636
133 156 42025
132 176 48400
132 224 67600
130 312 114244
132 351 140625
132 385 165649
133 456 225625
132 475 243049
132 720 535824
130 840 722500
133 156 42025
132 176 48400
132 224 67600
132 351 140625
132 385 165649
133 456 225625
132 475 243049
132 720 535824
133 156 42025
132 176 48400
135 180 50625
132 224 67600
135 324 123201
135 352 142129
132 351 140625
132 385 165649
133 456 225625
132 475 243049
135 600 378225
132 720 535824
133 156 42025
135 180 50625
136 255 83521
136 273 93025
135 324 123201
135 352 142129
133 456 225625
136 570 343396
135 600 378225
135 180 50625
136 255 83521
136 273 93025
135 324 123201
135 352 142129
136 570 343396
135 600 378225
135 180 50625
138 184 52900
136 255 83521
136 273 93025
135 324 123201
135 352 142129
138 520 289444
136 570 343396
135 600 378225
138 184 52900
136 255 83521
136 273 93025
138 520 289444
136 570 343396
140 147 41209
140 171 48841
138 184 52900
140 225 70225
140 336 132496
140 480 250000
138 520 289444
140 693 499849
140 975 970225
140 147 41209
140 171 48841
138 184 52900
141 188 55225
140 225 70225
140 336 132496
140 480 250000
138 520 289444
140 693 499849
140 975 970225
140 147 41209
140 171 48841
141 188 55225
140 225 70225
140 336 132496
140 480 250000
140 693 499849
140 975 970225
140 147 41209
140 171 48841
141 188 55225
140 225 70225
140 336 132496
140 480 250000
140 693 499849
143 780 628849
143 924 874225
140 975 970225
144 165 47961
141 188 55225
144 192 57600
144 270 93636
144 308 115600
144 420 197136
144 567 342225
144 640 430336
143 780 628849
144 858 756900
143 924 874225
144 165 47961
144 192 57600
144 270 93636
144 308 115600
145 348 142129
145 408 187489
144 420 197136
144 567 342225
144 640 430336
143 780 628849
144 858 756900
143 924 874225
144 165 47961
144 192 57600
144 270 93636
144 308 115600
145 348 142129
145 408 187489
144 420 197136
144 567 342225
144 640 430336
143 780 628849
144 858 756900
143 924 874225
144 165 47961
144 192 57600
147 196 60025
144 270 93636
144 308 115600
145 348 142129
145 408 187489
144 420 197136
147 504 275625
144 567 342225
144 640 430336
144 858 756900
147 196 60025
145 348 142129
145 408 187489
147 504 275625
147 196 60025
147 504 275625
147 196 60025
150 200 62500
150 360 152100
147 504 275625
150 616 401956
150 200 62500
150 360 152100
150 616 401956
150 200 62500
152 285 104329
152 345 142129
150 360 152100
150 616 401956
152 714 532900
150 200 62500
153 204 65025
152 285 104329
152 345 142129
150 360 152100
153 420 199809
150 616 401956
153 680 485809
152 714 532900
153 204 65025
152 285 104329
152 345 142129
153 420 199809
154 528 302500
153 680 485809
152 714 532900
154 840 729316
153 204 65025
152 285 104329
152 345 142129
155 372 162409
153 420 199809
155 468 243049
154 528 302500
153 680 485809
152 714 532900
154 840 729316
153 204 65025
156 208 67600
156 320 126736
155 372 162409
153 420 199809
156 455 231361
155 468 243049
156 495 269361
154 528 302500
156 667 469225
153 680 485809
154 840 729316
156 208 67600
156 320 126736
155 372 162409
156 455 231361
155 468 243049
156 495 269361
154 528 302500
156 667 469225
154 840 729316
156 208 67600
156 320 126736
155 372 162409
156 455 231361
155 468 243049
156 495 269361
156 667 469225
156 208 67600
159 212 70225
156 320 126736
156 455 231361
156 495 269361
156 667 469225
160 168 53824
159 212 70225
160 231 78961
160 300 115600
160 384 173056
160 630 422500
160 792 652864
160 168 53824
159 212 70225
160 231 78961
161 240 83521
160 300 115600
160 384 173056
161 552 330625
160 630 422500
160 792 652864
160 168 53824
159 212 70225
162 216 72900
160 231 78961
161 240 83521
160 300 115600
160 384 173056
161 552 330625
160 630 422500
162 720 544644
160 792 652864
160 168 53824
162 216 72900
160 231 78961
161 240 83521
160 300 115600
160 384 173056
161 552 330625
160 630 422500
162 720 544644
160 792 652864
162 216 72900
161 240 83521
161 552 330625
162 720 544644
162 216 72900
165 220 75625
165 280 105625
165 396 184041
165 532 310249
162 720 544644
165 900 837225
165 220 75625
165 280 105625
165 396 184041
165 532 310249
165 900 837225
165 220 75625
165 280 105625
165 396 184041
165 532 310249
165 900 837225
165 220 75625
168 224 78400
168 270 101124
165 280 105625
168 315 127449
168 374 168100
165 396 184041
168 425 208849
168 490 268324
165 532 310249
168 576 360000
168 775 628849
168 874 792100
165 900 837225
168 224 78400
168 270 101124
168 315 127449
168 374 168100
168 425 208849
168 490 268324
168 576 360000
168 775 628849
168 874 792100
168 224 78400
170 264 98596
168 270 101124
168 315 127449
168 374 168100
170 408 195364
168 425 208849
168 490 268324
168 576 360000
168 775 628849
168 874 792100
168 224 78400
171 228 81225
170 264 98596
168 270 101124
168 315 127449
168 374 168100
170 408 195364
168 425 208849
168 490 268324
171 528 308025
168 576 360000
171 760 606841
168 775 628849
168 874 792100
171 228 81225
170 264 98596
170 408 195364
171 528 308025
171 760 606841
171 228 81225
170 264 98596
170 408 195364
171 528 308025
171 760 606841
171 228 81225
174 232 84100
171 528 308025
171 760 606841
174 832 722500
174 232 84100
175 288 113569
175 420 207025
175 600 390625
174 832 722500
176 210 75076
174 232 84100
175 288 113569
176 330 139876
175 420 207025
176 468 250000
175 600 390625
176 693 511225
174 832 722500
176 960 952576
176 210 75076
174 232 84100
177 236 87025
175 288 113569
176 330 139876
175 420 207025
176 468 250000
175 600 390625
176 693 511225
174 832 722500
176 960 952576
176 210 75076
177 236 87025
175 288 113569
176 330 139876
175 420 207025
176 468 250000
175 600 390625
176 693 511225
176 960 952576
176 210 75076
177 236 87025
176 330 139876
176 468 250000
176 693 511225
176 960 952576
180 189 68121
177 236 87025
180 240 90000
180 273 106929
180 299 121801
180 385 180625
180 432 219024
180 525 308025
180 663 471969
180 800 672400
180 891 826281
180 189 68121
180 240 90000
180 273 106929
180 299 121801
180 385 180625
180 432 219024
180 525 308025
180 663 471969
180 800 672400
180 891 826281
180 189 68121
180 240 90000
180 273 106929
180 299 121801
180 385 180625
180 432 219024
180 525 308025
182 624 422500
180 663 471969
180 800 672400
180 891 826281
180 189 68121
180 240 90000
183 244 93025
180 273 106929
180 299 121801
180 385 180625
180 432 219024
180 525 308025
182 624 422500
180 663 471969
180 800 672400
180 891 826281
183 244 93025
184 345 152881
184 513 297025
182 624 422500
183 244 93025
184 345 152881
185 444 231361
184 513 297025
182 624 422500
185 672 485809
183 244 93025
186 248 96100
184 345 152881
185 444 231361
184 513 297025
185 672 485809
186 952 940900
186 248 96100
184 345 152881
185 444 231361
184 513 297025
185 672 485809
186 952 940900
186 248 96100
185 444 231361
185 672 485809
186 952 940900
186 248 96100
189 252 99225
189 340 151321
189 648 455625
189 840 741321
186 952 940900
189 252 99225
190 336 148996
189 340 151321
190 456 244036
189 648 455625
189 840 741321
189 252 99225
190 336 148996
189 340 151321
190 456 244036
189 648 455625
189 840 741321
192 220 85264
189 252 99225
192 256 102400
190 336 148996
189 340 151321
192 360 166464
190 456 244036
192 494 280900
192 560 350464
189 648 455625
192 756 608400
189 840 741321
192 220 85264
192 256 102400
190 336 148996
192 360 166464
190 456 244036
192 494 280900
192 560 350464
192 756 608400
192 220 85264
192 256 102400
192 360 166464
192 494 280900
192 560 350464
192 756 608400
195 216 84681
192 220 85264
192 256 102400
195 260 105625
192 360 166464
195 400 198025
195 468 257049
192 494 280900
192 560 350464
195 748 597529
192 756 608400
195 216 84681
195 260 105625
196 315 137641
195 400 198025
195 468 257049
196 672 490000
195 748 597529
195 216 84681
195 260 105625
196 315 137641
195 400 198025
195 468 257049
196 672 490000
195 748 597529
195 216 84681
195 260 105625
198 264 108900
196 315 137641
198 336 152100
195 400 198025
195 468 257049
196 672 490000
195 748 597529
198 880 813604
198 264 108900
196 315 137641
198 336 152100
196 672 490000
198 880 813604
200 210 84100
198 264 108900
198 336 152100
200 375 180625
200 480 270400
200 609 410881
198 880 813604
200 990 1020100
200 210 84100
198 264 108900
201 268 112225
198 336 152100
200 375 180625
200 480 270400
200 609 410881
198 880 813604
200 990 1020100
200 210 84100
201 268 112225
200 375 180625
200 480 270400
200 609 410881
200 990 1020100
200 210 84100
201 268 112225
200 375 180625
203 396 198025
200 480 270400
200 609 410881
203 696 525625
200 990 1020100
204 253 105625
201 268 112225
204 272 115600
203 396 198025
204 560 355216
204 595 395641
203 696 525625
204 855 772641
204 253 105625
204 272 115600
203 396 198025
205 492 284089
204 560 355216
204 595 395641
203 696 525625
205 828 727609
204 855 772641
204 253 105625
204 272 115600
203 396 198025
205 492 284089
204 560 355216
204 595 395641
203 696 525625
205 828 727609
204 855 772641
207 224 93025
204 253 105625
204 272 115600
207 276 119025
205 492 284089
204 560 355216
204 595 395641
207 780 651249
205 828 727609
204 855 772641
207 920 889249
207 224 93025
207 276 119025
208 306 136900
208 390 195364
205 492 284089
208 660 478864
207 780 651249
208 819 714025
205 828 727609
207 920 889249
207 224 93025
207 276 119025
208 306 136900
208 390 195364
208 660 478864
207 780 651249
208 819 714025
207 920 889249
207 224 93025
207 276 119025
210 280 122500
208 306 136900
208 390 195364
210 416 217156
210 504 298116
208 660 478864
210 720 562500
207 780 651249
208 819 714025
207 920 889249
210 280 122500
208 306 136900
208 390 195364
210 416 217156
210 504 298116
208 660 478864
210 720 562500
208 819 714025
210 280 122500
210 416 217156
210 504 298116
210 720 562500
210 280 122500
213 284 126025
210 416 217156
210 504 298116
210 720 562500
213 284 126025
213 284 126025
215 516 312481
215 912 877969
213 284 126025
216 288 129600
216 405 210681
216 462 260100
215 516 312481
216 630 443556
216 713 555025
215 912 877969
216 960 968256
216 288 129600
216 405 210681
217 456 255025
216 462 260100
215 516 312481
216 630 443556
216 713 555025
217 744 600625
215 912 877969
216 960 968256
216 288 129600
216 405 210681
217 456 255025
216 462 260100
215 516 312481
216 630 443556
216 713 555025
217 744 600625
215 912 877969
216 960 968256
216 288 129600
219 292 133225
216 405 210681
217 456 255025
216 462 260100
216 630 443556
216 713 555025
217 744 600625
216 960 968256
220 231 101761
219 292 133225
217 456 255025
220 459 259081
220 528 327184
220 585 390625
217 744 600625
220 231 101761
219 292 133225
220 459 259081
220 528 327184
220 585 390625
220 231 101761
219 292 133225
222 296 136900
220 459 259081
220 528 327184
220 585 390625
220 231 101761
222 296 136900
220 459 259081
220 528 327184
220 585 390625
222 296 136900
224 360 179776
224 420 226576
224 768 640000
224 882 828100
225 272 124609
222 296 136900
225 300 140625
224 360 179776
224 420 226576
225 540 342225
224 768 640000
224 882 828100
225 924 904401
225 1000 1050625
225 272 124609
225 300 140625
224 360 179776
224 420 226576
225 540 342225
224 768 640000
224 882 828100
225 924 904401
225 272 124609
225 300 140625
224 360 179776
224 420 226576
225 540 342225
224 768 640000
224 882 828100
225 924 904401
225 272 124609
225 300 140625
228 304 144400
228 325 157609
225 540 342225
228 665 494209
228 704 547600
225 924 904401
228 304 144400
228 325 157609
228 665 494209
228 704 547600
228 304 144400
228 325 157609
230 504 306916
230 552 357604
228 665 494209
228 704 547600
228 304 144400
231 308 148225
228 325 157609
231 392 207025
230 504 306916
231 520 323761
230 552 357604
228 665 494209
228 704 547600
231 792 680625
231 308 148225
231 392 207025
232 435 243049
230 504 306916
231 520 323761
230 552 357604
231 792 680625
232 825 734449
231 308 148225
231 392 207025
232 435 243049
230 504 306916
231 520 323761
230 552 357604
231 792 680625
232 825 734449
231 308 148225
234 312 152100
231 392 207025
232 435 243049
234 480 285156
231 520 323761
231 792 680625
232 825 734449
234 312 152100
232 435 243049
234 480 285156
235 564 373321
232 825 734449
234 312 152100
234 480 285156
235 564 373321
234 312 152100
237 316 156025
234 480 285156
235 564 373321
238 240 114244
237 316 156025
235 564 373321
238 816 722500
238 240 114244
237 316 156025
238 816 722500
238 240 114244
240 252 121104
240 275 133225
237 316 156025
240 320 160000
240 364 190096
240 418 232324
240 450 260100
240 551 361201
240 576 389376
240 700 547600
240 782 669124
238 816 722500
240 884 839056
240 945 950625
238 240 114244
240 252 121104
240 275 133225
240 320 160000
240 364 190096
240 418 232324
240 450 260100
240 551 361201
240 576 389376
240 700 547600
240 782 669124
238 816 722500
240 884 839056
240 945 950625
240 252 121104
240 275 133225
240 320 160000
240 364 190096
240 418 232324
240 450 260100
240 551 361201
240 576 389376
240 700 547600
240 782 669124
240 884 839056
240 945 950625
240 252 121104
240 275 133225
240 320 160000
243 324 164025
240 364 190096
240 418 232324
240 450 260100
240 551 361201
240 576 389376
240 700 547600
240 782 669124
240 884 839056
240 945 950625
243 324 164025
243 324 164025
245 588 405769
245 840 765625
243 324 164025
246 328 168100
245 588 405769
245 840 765625
246 328 168100
245 588 405769
245 840 765625
246 328 168100
248 465 277729
245 588 405769
245 840 765625
248 945 954529
246 328 168100
249 332 172225
248 465 277729
248 945 954529
249 332 172225
248 465 277729
250 600 422500
248 945 954529
249 332 172225
248 465 277729
250 600 422500
248 945 954529
252 275 139129
249 332 172225
252 336 176400
252 405 227529
252 539 354025
252 561 378225
250 600 422500
252 735 603729
252 864 810000
252 275 139129
252 336 176400
252 405 227529
252 539 354025
252 561 378225
250 600 422500
252 735 603729
252 864 810000
252 275 139129
252 336 176400
252 405 227529
252 539 354025
252 561 378225
252 735 603729
252 864 810000
252 275 139129
252 336 176400
255 340 180625
255 396 221841
252 405 227529
252 539 354025
252 561 378225
255 612 439569
255 700 555025
252 735 603729
252 864 810000
255 340 180625
255 396 221841
256 480 295936
255 612 439569
255 700 555025
255 340 180625
255 396 221841
256 480 295936
255 612 439569
255 700 555025
255 340 180625
258 344 184900
255 396 221841
256 480 295936
255 612 439569
255 700 555025
258 344 184900
256 480 295936
259 660 502681
259 888 855625
260 273 142129
260 288 150544
258 344 184900
260 624 456976
260 651 491401
259 660 502681
260 825 748225
259 888 855625
260 273 142129
260 288 150544
258 344 184900
261 348 189225
261 380 212521
260 624 456976
260 651 491401
259 660 502681
260 825 748225
259 888 855625
260 273 142129
260 288 150544
261 348 189225
261 380 212521
260 624 456976
260 651 491401
259 660 502681
260 825 748225
259 888 855625
260 273 142129
260 288 150544
261 348 189225
261 380 212521
260 624 456976
260 651 491401
260 825 748225
264 315 168921
261 348 189225
264 352 193600
261 380 212521
264 448 270400
264 495 314721
264 702 562500
264 770 662596
264 950 972196
264 315 168921
264 352 193600
264 448 270400
264 495 314721
265 636 474721
264 702 562500
264 770 662596
264 950 972196
266 312 168100
264 315 168921
264 352 193600
264 448 270400
264 495 314721
265 636 474721
264 702 562500
264 770 662596
266 912 902500
264 950 972196
266 312 168100
264 315 168921
264 352 193600
267 356 198025
264 448 270400
264 495 314721
265 636 474721
264 702 562500
264 770 662596
266 912 902500
264 950 972196
266 312 168100
267 356 198025
265 636 474721
266 912 902500
266 312 168100
267 356 198025
266 912 902500
267 356 198025
270 360 202500
270 648 492804
270 704 568516
270 360 202500
270 648 492804
270 704 568516
270 360 202500
272 510 334084
272 546 372100
270 648 492804
270 704 568516
270 360 202500
273 364 207025
272 510 334084
272 546 372100
273 560 388129
270 648 492804
270 704 568516
273 736 616225
273 936 950625
273 364 207025
272 510 334084
272 546 372100
273 560 388129
273 736 616225
273 936 950625
273 364 207025
272 510 334084
272 546 372100
273 560 388129
275 660 511225
273 736 616225
273 936 950625
273 364 207025
276 368 211600
276 493 319225
273 560 388129
275 660 511225
273 736 616225
276 805 724201
273 936 950625
276 368 211600
276 493 319225
275 660 511225
276 805 724201
276 368 211600
276 493 319225
275 660 511225
276 805 724201
276 368 211600
279 372 216225
279 440 271441
276 493 319225
276 805 724201
280 294 164836
280 342 195364
280 351 201601
279 372 216225
279 440 271441
280 450 280900
280 525 354025
280 672 529984
280 759 654481
280 960 1000000
280 294 164836
280 342 195364
280 351 201601
279 372 216225
279 440 271441
280 450 280900
280 525 354025
280 672 529984
280 759 654481
280 960 1000000
280 294 164836
280 342 195364
280 351 201601
279 372 216225
282 376 220900
279 440 271441
280 450 280900
280 525 354025
280 672 529984
280 759 654481
280 960 1000000
280 294 164836
280 342 195364
280 351 201601
282 376 220900
280 450 280900
280 525 354025
280 672 529984
280 759 654481
280 960 1000000
282 376 220900
282 376 220900
285 380 225625
285 504 335241
285 684 549081
285 880 855625
285 380 225625
285 504 335241
285 684 549081
285 880 855625
285 380 225625
285 504 335241
285 684 549081
287 816 748225
285 880 855625
287 984 1050625
288 330 191844
285 380 225625
288 384 230400
285 504 335241
288 540 374544
288 616 462400
285 684 549081
288 741 632025
287 816 748225
288 840 788544
285 880 855625
287 984 1050625
288 330 191844
288 384 230400
288 540 374544
288 616 462400
288 741 632025
287 816 748225
288 840 788544
287 984 1050625
288 330 191844
288 384 230400
288 540 374544
288 616 462400
290 696 568516
288 741 632025
290 816 749956
287 816 748225
288 840 788544
287 984 1050625
288 330 191844
288 384 230400
291 388 235225
288 540 374544
288 616 462400
290 696 568516
288 741 632025
290 816 749956
288 840 788544
291 388 235225
290 696 568516
290 816 749956
291 388 235225
290 696 568516
290 816 749956
291 388 235225
294 392 240100
294 392 240100
295 708 588289
294 392 240100
296 555 395641
295 708 588289
297 304 180625
294 392 240100
297 396 245025
297 504 342225
296 555 395641
295 708 588289
297 304 180625
297 396 245025
297 504 342225
296 555 395641
295 708 588289
297 304 180625
297 396 245025
297 504 342225
296 555 395641
297 304 180625
300 315 189225
297 396 245025
300 400 250000
300 455 297025
297 504 342225
300 589 436921
300 720 608400
300 875 855625
300 315 189225
300 400 250000
300 455 297025
300 589 436921
300 720 608400
300 875 855625
301 900 900601
300 315 189225
300 400 250000
300 455 297025
300 589 436921
300 720 608400
300 875 855625
301 900 900601
300 315 189225
300 400 250000
303 404 255025
300 455 297025
300 589 436921
300 720 608400
300 875 855625
301 900 900601
303 404 255025
304 570 417316
304 690 568516
301 900 900601
303 404 255025
304 570 417316
304 690 568516
305 732 628849
303 404 255025
306 408 260100
304 570 417316
304 690 568516
305 732 628849
306 840 799236
306 408 260100
304 570 417316
304 690 568516
305 732 628849
306 840 799236
306 408 260100
308 435 284089
308 495 339889
305 732 628849
308 819 765625
306 840 799236
306 408 260100
309 412 265225
308 435 284089
308 495 339889
308 819 765625
306 840 799236
309 412 265225
308 435 284089
308 495 339889
310 744 649636
308 819 765625
310 936 972196
309 412 265225
308 435 284089
308 495 339889
310 744 649636
308 819 765625
310 936 972196
309 412 265225
312 416 270400
312 459 308025
312 585 439569
312 640 506944
310 744 649636
312 910 925444
310 936 972196
312 990 1077444
312 416 270400
312 459 308025
312 585 439569
312 640 506944
310 744 649636
312 910 925444
310 936 972196
312 990 1077444
312 416 270400
312 459 308025
312 585 439569
312 640 506944
312 910 925444
312 990 1077444
312 416 270400
315 420 275625
312 459 308025
315 572 426409
312 585 439569
315 624 488601
312 640 506944
315 756 670761
312 910 925444
315 988 1075369
312 990 1077444
315 420 275625
315 572 426409
315 624 488601
315 756 670761
315 988 1075369
315 420 275625
315 572 426409
315 624 488601
315 756 670761
315 988 1075369
315 420 275625
318 424 280900
315 572 426409
315 624 488601
315 756 670761
315 988 1075369
319 360 231361
318 424 280900
320 336 215296
319 360 231361
318 424 280900
320 462 315844
320 600 462400
320 768 692224
320 999 1100401
320 336 215296
319 360 231361
318 424 280900
321 428 286225
320 462 315844
320 600 462400
320 768 692224
320 999 1100401
320 336 215296
319 360 231361
321 428 286225
320 462 315844
322 480 334084
320 600 462400
320 768 692224
320 336 215296
321 428 286225
320 462 315844
322 480 334084
320 600 462400
320 768 692224
321 428 286225
324 432 291600
322 480 334084
324 693 585225
324 945 998001
325 360 235225
324 432 291600
322 480 334084
324 693 585225
325 780 714025
324 945 998001
325 360 235225
324 432 291600
324 693 585225
325 780 714025
324 945 998001
325 360 235225
324 432 291600
327 436 297025
324 693 585225
325 780 714025
324 945 998001
325 360 235225
327 436 297025
328 615 485809
325 780 714025
327 436 297025
328 615 485809
327 436 297025
330 440 302500
330 560 422500
328 615 485809
330 792 736164
330 440 302500
330 560 422500
328 615 485809
330 792 736164
330 440 302500
330 560 422500
330 792 736164
330 440 302500
333 444 308025
330 560 422500
333 644 525625
330 792 736164
333 444 308025
333 644 525625
333 444 308025
333 644 525625
335 804 758641
336 377 255025
336 385 261121
333 444 308025
336 448 313600
336 527 390625
336 540 404496
336 630 509796
333 644 525625
336 748 672400
335 804 758641
336 850 835396
336 980 1073296
336 377 255025
336 385 261121
336 448 313600
336 527 390625
336 540 404496
336 630 509796
336 748 672400
335 804 758641
336 850 835396
336 980 1073296
336 377 255025
336 385 261121
336 448 313600
336 527 390625
336 540 404496
336 630 509796
336 748 672400
335 804 758641
336 850 835396
336 980 1073296
336 377 255025
336 385 261121
336 448 313600
339 452 319225
336 527 390625
336 540 404496
336 630 509796
336 748 672400
336 850 835396
336 980 1073296
340 357 243049
339 452 319225
340 528 394384
340 816 781456
340 357 243049
341 420 292681
339 452 319225
340 528 394384
340 816 781456
340 357 243049
341 420 292681
339 452 319225
342 456 324900
340 528 394384
340 816 781456
340 357 243049
341 420 292681
342 456 324900
340 528 394384
340 816 781456
341 420 292681
342 456 324900
344 645 534361
342 456 324900
345 460 330625
344 645 534361
345 756 690561
345 828 804609
345 460 330625
344 645 534361
345 756 690561
345 828 804609
345 460 330625
344 645 534361
345 756 690561
345 828 804609
345 460 330625
348 464 336400
345 756 690561
348 805 769129
345 828 804609
348 464 336400
348 805 769129
348 464 336400
350 576 454276
348 805 769129
350 840 828100
348 464 336400
351 468 342225
350 576 454276
351 720 641601
348 805 769129
350 840 828100
352 420 300304
351 468 342225
350 576 454276
352 660 559504
351 720 641601
350 840 828100
352 936 1000000
352 420 300304
351 468 342225
350 576 454276
352 660 559504
351 720 641601
350 840 828100
352 936 1000000
352 420 300304
351 468 342225
354 472 348100
352 660 559504
351 720 641601
352 936 1000000
352 420 300304
354 472 348100
352 660 559504
355 852 851929
352 936 1000000
354 472 348100
355 852 851929
357 360 257049
354 472 348100
357 476 354025
355 852 851929
357 980 1087849
357 360 257049
357 476 354025
355 852 851929
357 980 1087849
357 360 257049
357 476 354025
357 980 1087849
357 360 257049
360 378 272484
357 476 354025
360 480 360000
360 546 427716
360 598 487204
360 627 522729
360 675 585225
360 770 722500
360 864 876096
357 980 1087849
360 378 272484
360 480 360000
360 546 427716
360 598 487204
360 627 522729
360 675 585225
360 770 722500
360 864 876096
360 378 272484
360 480 360000
360 546 427716
360 598 487204
360 627 522729
360 675 585225
360 770 722500
360 864 876096
360 378 272484
360 480 360000
363 484 366025
360 546 427716
360 598 487204
363 616 511225
360 627 522729
360 675 585225
360 770 722500
360 864 876096
363 484 366025
364 585 474721
363 616 511225
364 627 525625
363 484 366025
364 585 474721
363 616 511225
364 627 525625
365 876 900601
363 484 366025
366 488 372100
364 585 474721
363 616 511225
364 627 525625
365 876 900601
366 488 372100
364 585 474721
364 627 525625
365 876 900601
368 465 351649
366 488 372100
368 690 611524
365 876 900601
368 465 351649
366 488 372100
369 492 378225
368 690 611524
369 800 776161
368 465 351649
369 492 378225
368 690 611524
369 800 776161
370 888 925444
368 465 351649
369 492 378225
368 690 611524
369 800 776161
370 888 925444
369 492 378225
372 496 384400
369 800 776161
370 888 925444
372 925 994009
372 496 384400
370 888 925444
372 925 994009
372 496 384400
372 925 994009
372 496 384400
375 500 390625
375 900 950625
372 925 994009
375 500 390625
376 705 638401
375 900 950625
375 500 390625
376 705 638401
375 900 950625
375 500 390625
378 504 396900
378 680 605284
376 705 638401
375 900 950625
378 504 396900
378 680 605284
376 705 638401
380 399 303601
378 504 396900
380 672 595984
378 680 605284
380 912 976144
380 399 303601
378 504 396900
381 508 403225
380 672 595984
378 680 605284
380 912 976144
380 399 303601
381 508 403225
380 672 595984
380 912 976144
380 399 303601
381 508 403225
380 672 595984
380 912 976144
384 440 341056
381 508 403225
384 512 409600
384 720 665856
384 988 1123600
384 440 341056
384 512 409600
385 552 452929
384 720 665856
385 924 1002001
384 988 1123600
384 440 341056
384 512 409600
385 552 452929
384 720 665856
385 924 1002001
384 988 1123600
384 440 341056
384 512 409600
387 516 416025
385 552 452929
384 720 665856
387 884 931225
385 924 1002001
384 988 1123600
387 516 416025
385 552 452929
387 884 931225
385 924 1002001
387 516 416025
387 884 931225
390 432 338724
387 516 416025
390 520 422500
390 800 792100
387 884 931225
390 936 1028196
390 432 338724
390 520 422500
390 800 792100
390 936 1028196
390 432 338724
390 520 422500
392 630 550564
392 735 693889
390 800 792100
390 936 1028196
390 432 338724
390 520 422500
393 524 429025
392 630 550564
392 735 693889
390 800 792100
390 936 1028196
393 524 429025
392 630 550564
392 735 693889
393 524 429025
392 630 550564
392 735 693889
395 948 1054729
396 403 319225
393 524 429025
396 528 435600
396 672 608400
396 847 874225
395 948 1054729
396 403 319225
396 528 435600
396 672 608400
396 847 874225
395 948 1054729
396 403 319225
396 528 435600
396 672 608400
396 847 874225
395 948 1054729
396 403 319225
399 468 378225
396 528 435600
399 532 442225
396 672 608400
396 847 874225
400 420 336400
399 468 378225
399 532 442225
400 561 474721
400 750 722500
400 960 1081600
400 420 336400
399 468 378225
399 532 442225
400 561 474721
400 750 722500
400 960 1081600
400 420 336400
399 468 378225
399 532 442225
402 536 448900
400 561 474721
400 750 722500
400 960 1081600
400 420 336400
402 536 448900
400 561 474721
400 750 722500
400 960 1081600
402 536 448900
402 536 448900
405 540 455625
405 972 1108809
405 540 455625
406 792 792100
405 972 1108809
405 540 455625
407 624 555025
406 792 792100
405 972 1108809
408 506 422500
405 540 455625
408 544 462400
407 624 555025
408 765 751689
406 792 792100
408 819 837225
405 972 1108809
408 506 422500
408 544 462400
407 624 555025
408 765 751689
406 792 792100
408 819 837225
408 506 422500
408 544 462400
407 624 555025
408 765 751689
408 819 837225
410 984 1136356
408 506 422500
408 544 462400
411 548 469225
408 765 751689
408 819 837225
410 984 1136356
411 548 469225
410 984 1136356
411 548 469225
410 984 1136356
414 448 372100
411 548 469225
414 552 476100
414 448 372100
414 552 476100
415 996 1164241
414 448 372100
414 552 476100
416 612 547600
416 780 781456
415 996 1164241
414 448 372100
414 552 476100
417 556 483025
416 612 547600
416 780 781456
415 996 1164241
417 556 483025
416 612 547600
416 780 781456
415 996 1164241
417 556 483025
416 612 547600
416 780 781456
420 441 370881
420 513 439569
417 556 483025
420 560 490000
420 637 582169
420 675 632025
420 832 868624
420 851 900601
420 935 1050625
420 441 370881
420 513 439569
420 560 490000
420 637 582169
420 675 632025
420 832 868624
420 851 900601
420 935 1050625
420 441 370881
420 513 439569
420 560 490000
420 637 582169
420 675 632025
420 832 868624
420 851 900601
420 935 1050625
420 441 370881
420 513 439569
420 560 490000
423 564 497025
420 637 582169
420 675 632025
420 832 868624
420 851 900601
420 935 1050625
423 564 497025
424 795 811801
423 564 497025
425 660 616225
424 795 811801
423 564 497025
426 568 504100
425 660 616225
424 795 811801
426 568 504100
425 660 616225
424 795 811801
426 568 504100
425 660 616225
429 460 395641
426 568 504100
429 572 511225
429 700 674041
429 728 714025
429 880 958441
429 460 395641
429 572 511225
429 700 674041
429 728 714025
429 880 958441
429 460 395641
429 572 511225
429 700 674041
429 728 714025
429 880 958441
429 460 395641
432 495 431649
429 572 511225
432 576 518400
432 665 628849
429 700 674041
429 728 714025
432 810 842724
429 880 958441
432 924 1040400
432 495 431649
432 576 518400
432 665 628849
432 810 842724
432 924 1040400
432 495 431649
432 576 518400
432 665 628849
432 810 842724
434 912 1020100
432 924 1040400
432 495 431649
432 576 518400
435 580 525625
432 665 628849
432 810 842724
434 912 1020100
432 924 1040400
435 580 525625
434 912 1020100
435 580 525625
434 912 1020100
435 580 525625
438 584 532900
438 584 532900
440 462 407044
440 525 469225
438 584 532900
440 825 874225
440 918 1036324
440 462 407044
440 525 469225
438 584 532900
441 588 540225
440 825 874225
440 918 1036324
440 462 407044
440 525 469225
441 588 540225
440 825 874225
440 918 1036324
440 462 407044
440 525 469225
441 588 540225
440 825 874225
440 918 1036324
441 588 540225
444 592 547600
444 592 547600
444 592 547600
444 592 547600
447 596 555025
447 596 555025
448 720 719104
448 840 906304
448 975 1151329
447 596 555025
448 720 719104
448 840 906304
448 975 1151329
450 544 498436
447 596 555025
450 600 562500
448 720 719104
448 840 906304
448 975 1151329
450 544 498436
450 600 562500
448 720 719104
451 780 811801
448 840 906304
448 975 1151329
450 544 498436
450 600 562500
451 780 811801
450 544 498436
450 600 562500
453 604 570025
451 780 811801
453 604 570025
451 780 811801
455 504 461041
455 528 485809
453 604 570025
455 504 461041
455 528 485809
453 604 570025
456 608 577600
456 650 630436
456 855 938961
455 504 461041
455 528 485809
456 608 577600
456 650 630436
456 855 938961
455 504 461041
455 528 485809
456 608 577600
456 650 630436
456 855 938961
456 608 577600
459 612 585225
456 650 630436
456 855 938961
460 483 444889
459 612 585225
460 483 444889
459 612 585225
460 483 444889
459 612 585225
462 616 592900
462 784 828100
460 483 444889
462 616 592900
462 784 828100
462 616 592900
464 777 819025
462 784 828100
464 870 972196
462 616 592900
465 620 600625
464 777 819025
462 784 828100
464 870 972196
465 620 600625
464 777 819025
464 870 972196
465 620 600625
464 777 819025
464 870 972196
468 595 573049
465 620 600625
468 624 608400
468 960 1140624
468 595 573049
468 624 608400
468 960 1140624
468 595 573049
468 624 608400
468 960 1140624
468 595 573049
468 624 608400
471 628 616225
468 960 1140624
471 628 616225
472 885 1006009
471 628 616225
473 864 970225
472 885 1006009
471 628 616225
474 632 624100
473 864 970225
472 885 1006009
474 632 624100
475 840 931225
473 864 970225
472 885 1006009
476 480 456976
474 632 624100
476 765 811801
475 840 931225
473 864 970225
476 480 456976
474 632 624100
477 636 632025
476 765 811801
475 840 931225
476 480 456976
477 636 632025
476 765 811801
475 840 931225
476 480 456976
477 636 632025
476 765 811801
480 504 484416
480 550 532900
477 636 632025
480 640 640000
480 693 710649
480 728 760384
480 836 929296
480 900 1040400
480 504 484416
480 550 532900
481 600 591361
480 640 640000
480 693 710649
480 728 760384
480 836 929296
480 900 1040400
480 504 484416
480 550 532900
481 600 591361
480 640 640000
480 693 710649
480 728 760384
480 836 929296
480 900 1040400
480 504 484416
480 550 532900
481 600 591361
480 640 640000
483 644 648025
480 693 710649
483 720 751689
480 728 760384
480 836 929296
480 900 1040400
481 600 591361
483 644 648025
483 720 751689
483 644 648025
483 720 751689
483 644 648025
486 648 656100
483 720 751689
486 648 656100
486 648 656100
488 915 1075369
486 648 656100
489 652 664225
488 915 1075369
489 652 664225
488 915 1075369
489 652 664225
488 915 1075369
489 652 664225
492 656 672400
492 656 672400
492 656 672400
492 656 672400
495 660 680625
495 840 950625
495 952 1151329
495 660 680625
495 840 950625
496 897 1050625
496 930 1110916
495 952 1151329
495 660 680625
495 840 950625
496 897 1050625
496 930 1110916
495 952 1151329
495 660 680625
498 664 688900
495 840 950625
496 897 1050625
496 930 1110916
495 952 1151329
498 664 688900
496 897 1050625
496 930 1110916
500 525 525625
498 664 688900
500 525 525625
498 664 688900
501 668 697225
500 525 525625
501 668 697225
500 525 525625
501 668 697225
504 550 556516
501 668 697225
504 672 705600
504 703 748225
504 810 910116
504 945 1147041
504 550 556516
504 672 705600
504 703 748225
504 810 910116
504 945 1147041
504 550 556516
504 672 705600
504 703 748225
504 810 910116
504 945 1147041
504 550 556516
504 672 705600
507 676 714025
504 703 748225
504 810 910116
504 945 1147041
507 676 714025
507 676 714025
507 676 714025
510 680 722500
510 792 887364
510 680 722500
510 792 887364
510 680 722500
510 792 887364
512 960 1183744
510 680 722500
513 684 731025
510 792 887364
512 960 1183744
513 684 731025
512 960 1183744
513 684 731025
512 960 1183744
513 684 731025
516 688 739600
516 688 739600
516 688 739600
516 688 739600
519 692 748225
520 546 568516
520 576 602176
519 692 748225
520 765 855625
520 975 1221025
520 546 568516
520 576 602176
519 692 748225
520 765 855625
520 975 1221025
520 546 568516
520 576 602176
519 692 748225
522 696 756900
522 760 850084
520 765 855625
520 975 1221025
520 546 568516
520 576 602176
522 696 756900
522 760 850084
520 765 855625
520 975 1221025
522 696 756900
522 760 850084
522 696 756900
525 700 765625
522 760 850084
525 864 1022121
525 700 765625
525 864 1022121
525 700 765625
525 864 1022121
528 605 644809
528 630 675684
525 700 765625
528 704 774400
525 864 1022121
528 896 1081600
528 990 1258884
528 605 644809
528 630 675684
528 704 774400
528 896 1081600
528 990 1258884
528 605 644809
528 630 675684
528 704 774400
528 896 1081600
528 990 1258884
528 605 644809
528 630 675684
528 704 774400
531 708 783225
528 896 1081600
528 990 1258884
532 624 672400
531 708 783225
532 855 1014049
532 624 672400
531 708 783225
533 756 855625
532 855 1014049
532 624 672400
531 708 783225
534 712 792100
533 756 855625
532 855 1014049
532 624 672400
534 712 792100
533 756 855625
532 855 1014049
534 712 792100
533 756 855625
534 712 792100
537 716 801025
537 716 801025
537 716 801025
540 567 613089
540 629 687241
537 716 801025
540 720 810000
540 819 962361
540 897 1096209
540 567 613089
540 629 687241
540 720 810000
540 819 962361
540 897 1096209
540 567 613089
540 629 687241
540 720 810000
540 819 962361
540 897 1096209
540 567 613089
540 629 687241
540 720 810000
543 724 819025
540 819 962361
540 897 1096209
543 724 819025
543 724 819025
543 724 819025
546 728 828100
546 728 828100
546 728 828100
546 728 828100
549 732 837225
549 732 837225
549 732 837225
549 732 837225
552 736 846400
552 986 1276900
552 736 846400
552 986 1276900
552 736 846400
552 986 1276900
555 572 635209
552 736 846400
555 740 855625
552 986 1276900
555 572 635209
555 740 855625
555 572 635209
555 740 855625
555 572 635209
555 740 855625
558 744 864900
558 880 1085764
558 744 864900
559 840 1018081
558 880 1085764
560 588 659344
560 684 781456
560 702 806404
558 744 864900
559 840 1018081
558 880 1085764
560 900 1123600
560 588 659344
560 684 781456
560 702 806404
558 744 864900
561 748 874225
559 840 1018081
558 880 1085764
560 900 1123600
561 952 1221025
560 588 659344
560 684 781456
560 702 806404
561 748 874225
559 840 1018081
560 900 1123600
561 952 1221025
560 588 659344
560 684 781456
560 702 806404
561 748 874225
560 900 1123600
561 952 1221025
561 748 874225
564 752 883600
561 952 1221025
564 752 883600
564 752 883600
564 752 883600
567 756 893025
567 756 893025
567 756 893025
567 756 893025
570 760 902500
570 760 902500
570 760 902500
570 760 902500
573 764 912025
573 764 912025
573 764 912025
576 660 767376
573 764 912025
576 768 921600
576 943 1221025
576 660 767376
576 768 921600
576 943 1221025
576 660 767376
576 768 921600
576 943 1221025
576 660 767376
576 768 921600
579 772 931225
576 943 1221025
580 609 707281
580 741 885481
579 772 931225
580 609 707281
580 741 885481
579 772 931225
580 609 707281
580 741 885481
579 772 931225
582 776 940900
580 609 707281
580 741 885481
582 776 940900
582 776 940900
585 648 762129
582 776 940900
585 780 950625
585 928 1203409
585 648 762129
585 780 950625
585 928 1203409
585 648 762129
585 780 950625
585 928 1203409
585 648 762129
585 780 950625
588 784 960400
585 928 1203409
588 945 1238769
588 784 960400
588 945 1238769
588 784 960400
588 945 1238769
588 784 960400
591 788 970225
588 945 1238769
591 788 970225
591 788 970225
594 608 722500
591 788 970225
594 792 980100
595 600 714025
594 608 722500
594 792 980100
595 924 1207801
595 600 714025
594 608 722500
594 792 980100
595 924 1207801
595 600 714025
594 608 722500
594 792 980100
597 796 990025
595 924 1207801
595 600 714025
597 796 990025
595 924 1207801
597 796 990025
600 630 756900
597 796 990025
600 800 1000000
600 910 1188100
600 630 756900
600 800 1000000
600 910 1188100
600 630 756900
600 800 1000000
600 910 1188100
600 630 756900
600 800 1000000
603 804 1010025
600 910 1188100
603 804 1010025
603 804 1010025
603 804 1010025
606 808 1020100
606 808 1020100
606 808 1020100
606 808 1020100
609 812 1030225
609 812 1030225
609 812 1030225
612 759 950625
609 812 1030225
612 816 1040400
612 759 950625
612 816 1040400
612 759 950625
612 816 1040400
615 728 908209
612 759 950625
612 816 1040400
615 820 1050625
616 663 819025
615 728 908209
616 735 919681
615 820 1050625
616 870 1136356
616 990 1359556
616 663 819025
615 728 908209
616 735 919681
615 820 1050625
616 870 1136356
616 990 1359556
616 663 819025
615 728 908209
616 735 919681
615 820 1050625
618 824 1060900
616 870 1136356
616 990 1359556
616 663 819025
616 735 919681
618 824 1060900
616 870 1136356
616 990 1359556
620 651 808201
618 824 1060900
620 861 1125721
620 651 808201
621 672 837225
618 824 1060900
621 828 1071225
620 861 1125721
620 651 808201
621 672 837225
621 828 1071225
620 861 1125721
620 651 808201
621 672 837225
621 828 1071225
620 861 1125721
621 672 837225
624 715 900601
621 828 1071225
624 832 1081600
624 918 1232100
624 715 900601
624 832 1081600
624 918 1232100
624 715 900601
624 832 1081600
624 918 1232100
624 715 900601
624 832 1081600
627 836 1092025
624 918 1232100
627 836 1092025
627 836 1092025
627 836 1092025
630 840 1102500
630 840 1102500
630 840 1102500
630 840 1102500
633 844 1113025
633 844 1113025
633 844 1113025
633 844 1113025
636 848 1123600
636 848 1123600
638 720 925444
636 848 1123600
638 720 925444
636 848 1123600
639 852 1134225
640 672 861184
638 720 925444
639 852 1134225
640 924 1263376
640 672 861184
638 720 925444
639 852 1134225
640 924 1263376
640 672 861184
639 852 1134225
642 856 1144900
640 924 1263376
640 672 861184
642 856 1144900
640 924 1263376
642 856 1144900
644 960 1336336
645 812 1075369
642 856 1144900
645 860 1155625
644 960 1336336
645 812 1075369
645 860 1155625
644 960 1336336
645 812 1075369
645 860 1155625
644 960 1336336
645 812 1075369
645 860 1155625
648 864 1166400
648 864 1166400
650 720 940900
648 864 1166400
650 720 940900
648 864 1166400
651 868 1177225
650 720 940900
651 868 1177225
650 720 940900
651 868 1177225
651 868 1177225
654 872 1188100
654 872 1188100
654 872 1188100
654 872 1188100
657 876 1199025
657 876 1199025
657 876 1199025
660 693 915849
660 779 1042441
657 876 1199025
660 880 1210000
660 989 1413721
660 693 915849
660 779 1042441
660 880 1210000
660 989 1413721
660 693 915849
660 779 1042441
660 880 1210000
660 989 1413721
660 693 915849
660 779 1042441
660 880 1210000
663 884 1221025
660 989 1413721
663 884 1221025
665 780 1050625
663 884 1221025
665 780 1050625
663 884 1221025
666 888 1232100
665 780 1050625
666 888 1232100
665 780 1050625
666 888 1232100
666 888 1232100
669 892 1243225
669 892 1243225
669 892 1243225
672 754 1020100
672 770 1044484
669 892 1243225
672 896 1254400
672 754 1020100
672 770 1044484
672 896 1254400
672 754 1020100
672 770 1044484
672 896 1254400
672 754 1020100
672 770 1044484
675 816 1121481
672 896 1254400
675 900 1265625
675 816 1121481
675 900 1265625
675 816 1121481
675 900 1265625
675 816 1121481
675 900 1265625
678 904 1276900
678 904 1276900
680 714 972196
678 904 1276900
680 714 972196
678 904 1276900
681 908 1288225
680 714 972196
682 840 1170724
681 908 1288225
680 714 972196
682 840 1170724
681 908 1288225
682 840 1170724
681 908 1288225
684 912 1299600
684 975 1418481
682 840 1170724
684 912 1299600
684 975 1418481
684 912 1299600
684 975 1418481
684 912 1299600
687 916 1311025
684 975 1418481
687 916 1311025
687 916 1311025
687 916 1311025
690 920 1322500
690 920 1322500
690 920 1322500
690 920 1322500
693 924 1334025
693 924 1334025
693 924 1334025
696 697 970225
693 924 1334025
696 928 1345600
696 697 970225
696 928 1345600
696 697 970225
696 928 1345600
696 697 970225
696 928 1345600
699 932 1357225
700 735 1030225
700 855 1221025
699 932 1357225
700 735 1030225
700 855 1221025
699 932 1357225
700 735 1030225
700 855 1221025
699 932 1357225
702 936 1368900
700 735 1030225
700 855 1221025
702 936 1368900
704 840 1201216
704 903 1311025
702 936 1368900
704 840 1201216
704 903 1311025
702 936 1368900
705 940 1380625
705 992 1481089
704 840 1201216
704 903 1311025
705 940 1380625
705 992 1481089
704 840 1201216
704 903 1311025
705 940 1380625
705 992 1481089
705 940 1380625
708 944 1392400
705 992 1481089
708 944 1392400
708 944 1392400
708 944 1392400
711 948 1404225
711 948 1404225
711 948 1404225
714 720 1028196
711 948 1404225
714 952 1416100
714 720 1028196
715 792 1138489
714 952 1416100
714 720 1028196
715 792 1138489
714 952 1416100
714 720 1028196
715 792 1138489
714 952 1416100
717 956 1428025
715 792 1138489
717 956 1428025
717 956 1428025
720 756 1089936
720 825 1199025
717 956 1428025
720 960 1440000
720 756 1089936
720 825 1199025
720 960 1440000
720 756 1089936
720 825 1199025
720 960 1440000
720 756 1089936
720 825 1199025
720 960 1440000
723 964 1452025
723 964 1452025
723 964 1452025
723 964 1452025
726 968 1464100
726 968 1464100
726 968 1464100
726 968 1464100
729 972 1476225
729 972 1476225
731 780 1142761
729 972 1476225
731 780 1142761
729 972 1476225
732 976 1488400
731 780 1142761
732 976 1488400
731 780 1142761
732 976 1488400
732 976 1488400
735 980 1500625
736 930 1406596
735 980 1500625
736 930 1406596
735 980 1500625
736 930 1406596
735 980 1500625
738 984 1512900
736 930 1406596
738 984 1512900
740 777 1151329
738 984 1512900
740 777 1151329
738 984 1512900
741 988 1525225
740 777 1151329
741 988 1525225
740 777 1151329
741 988 1525225
744 817 1221025
741 988 1525225
744 992 1537600
744 817 1221025
744 992 1537600
744 817 1221025
744 992 1537600
744 817 1221025
744 992 1537600
747 996 1550025
747 996 1550025
747 996 1550025
747 996 1550025
750 1000 1562500
756 825 1252161
756 825 1252161
756 825 1252161
756 825 1252161
760 798 1214404
760 798 1214404
760 798 1214404
760 798 1214404
765 868 1338649
765 868 1338649
765 868 1338649
765 868 1338649
768 880 1364224
768 880 1364224
768 880 1364224
768 880 1364224
780 819 1279161
780 864 1354896
780 819 1279161
780 864 1354896
780 819 1279161
780 864 1354896
780 819 1279161
780 864 1354896
792 806 1276900
792 945 1520289
792 806 1276900
792 945 1520289
792 806 1276900
792 945 1520289
792 806 1276900
792 945 1520289
798 936 1512900
798 936 1512900
799 960 1560001
800 840 1345600
798 936 1512900
799 960 1560001
800 840 1345600
798 936 1512900
799 960 1560001
800 840 1345600
799 960 1560001
800 840 1345600
816 935 1540081
816 935 1540081
816 935 1540081
816 935 1540081
820 861 1413721
820 861 1413721
820 861 1413721
820 861 1413721
828 896 1488400
828 896 1488400
828 896 1488400
828 896 1488400
832 855 1423249
833 840 1399489
832 855 1423249
833 840 1399489
832 855 1423249
833 840 1399489
832 855 1423249
833 840 1399489
840 882 1483524
840 882 1483524
840 882 1483524
840 882 1483524
845 936 1590121
845 936 1590121
845 936 1590121
845 936 1590121
858 920 1582564
858 920 1582564
860 903 1555009
858 920 1582564
860 903 1555009
858 920 1582564
860 903 1555009
860 903 1555009
864 990 1726596
864 990 1726596
864 990 1726596
864 990 1726596
880 924 1628176
880 924 1628176
880 924 1628176
880 924 1628176
884 987 1755625
884 987 1755625
884 987 1755625
884 987 1755625
891 912 1625625
891 912 1625625
891 912 1625625
893 924 1651225
891 912 1625625
893 924 1651225
893 924 1651225
893 924 1651225
900 945 1703025
900 945 1703025
900 945 1703025
900 945 1703025
920 966 1779556
920 966 1779556
920 966 1779556
920 966 1779556
940 987 1857769
940 987 1857769
940 987 1857769
940 987 1857769
952 960 1827904
952 960 1827904
952 960 1827904
952 960 1827904
